Group	Gender	Age	WordProcPretest	SpreadsheetsPretest	PresentationPretest	DatabasesPretest	WordProcPosttest	SpreadsheetsPosttest	PresentationPosttest	DatabasesPosttest	FinalExamination
0	M	19	55	44	44	44	73	90	68	51	87.17
0	M	19	66	33	44	44	50	76	58	27	81.5
0	F	19	33	33	33	44	74	93	70	44	84.92
0	F	19	44	44	44	55	57	46	53	25	87.42
0	M	19	44	66	44	44	37	49	61	28	81.42
0	F	19	66	44	33	22	61	82	80	90	91
0	M	19	11	11	55	66	97	74	78	30	88.42
0	M	19	55	55	55	55	92	100	83	50	94.92
0	F	19	22	22	22	55	35	95	80	44	85.92
0	F	19	22	55	55	55	50	55	68	84	92.33
0	M	19	44	33	22	44	64	43	83	51	89.25
0	F	19	33	44	33	44	47	88	67	82	80.67
0	F	19	44	33	33	33	62	25	95	54	94.17
0	F	19	66	55	44	44	65	85	63	19	84.67
0	M	19	33	44	11	66	47	90	65	51	92.5
0	M	19	44	33	44	22	55	55	65	14	89.67
0	M	19	44	66	44	55	62	89	70	47	90.08
0	M	19	44	55	44	55	67	86	52	38	68.42
0	F	19	22	44	44	44	60	18	59	41	98.25
0	F	19	44	55	44	66	21	43	62	46	95
0	M	19	55	33	33	33	46	46	51	21	81.42
0	M	19	44	44	66	55	77	44	68	5	97
0	M	19	33	66	55	77	39	31	58	1	93.25
0	F	19	33	55	44	55	95	100	100	90	75
0	M	19	77	55	33	44	70	90	90	50	43.33
0	F	19	22	55	33	44	75	90	85	75	76.67
0	F	19	66	66	55	88	70	15	85	60	60
0	M	19	40	20	30	10	60	65	100	55	53.33
0	F	19	33	44	33	33	60	100	85	70	73.33
0	M	19	55	77	44	55	65	80	100	70	76.67
0	M	19	60	50	50		35	40	75	70	61.67
0	F	19	33	55	33	66	45	40	85	50	75
0	F	19	33	13	11	44	45	35	95	55	60
0	F	19	55	77	55	77	85	80	65	50	75
0	M	19	33	44	44	66	50	45	90	60	63.33
0	F	19	55	55	33	77	80	80	60	60	86.67
0	F	19	33	55	33	44	60	60	90	45	56.67
0	M	19	55	55	55	66	60	30	80	65	71.67
0	F	19	55	44	55	55	65	35	70	55	65
0	F	19	33	44	44	44	90	40	95	90	75
0	F	19	55	66	44	33	70	75	70	80	60
0	F	19	77	77	66	77	85	80	80	75	56.67
0	F	19	66	66	88	55	80	95	80	60	73.33
0	M	19	66	66	55	66	90	60	90	80	83.33
0	M	19	66	77	33	33	50	30	70	25	66.67
0	F	19	33	55	55	44	65	65	80	25	83.33
0	F	19	55	66	66	55	75	60	80	25	81.67
0	M	19	44	55	33	44	70	30	75	60	86.67
0	F	19	66	55	66	66	70	100	85	70	76.67
0	F	19	66	77	33	55	70	25	85	65	65
0	M	19	55	66	55	77	85	85	80	90	85
0	M	19	11	44	44	33	70	55	95	60	75
0	F	19	66	55	44	66	60	60	60	35	76.67
0	F	19	55	44	55	66	85	75	60	70	66.67
0	M	19	44	66	33	54	85	27.5	55	35	80
0	F	19	66	44	66	66	70	85	80	65	71.67
0	F	19	66	66	55	88	85	15	85	55	73.33
0	F	19	55	66	44	33	70	85	65	70	55
0	M	19	33	44	44	55	60	55	70	65	66.67
0	F	19	55	55	55	55	75	100	70	55	76.67
0	M	19	55	55	66	66	75	75	55	25	85
0	M	19	33	66	33	44	60	70	75	60	81.67
0	F	19	66	55	33	44	85	100	90	75	83.33
0	F	19	44	44	33	11	5	5	70	70	65
0	M	19	66	66	66	66	65	45	90	5	65
0	F	19	33	33	22	33	60	55	85	55	50
0	M	19	44	88	44	66	45	75	80	45	85
0	M	19	66	22	66	88	65	20	85	60	50
0	F	19	66	44	44	55	65	80	85	60	76.67
0	F	19	66	44	33	33	60	55	80	40	63.33
0	F	19	44	11	55	22	65	85	60	70	46.67
0	F	19	33	44	44	33	85	85	80	70	71.67
0	M	19	33	22	44	55	40	35	80	25	65
0	M	19	33	44	33	33	40	40	80	50	51.67
0	M	19	55	77	55	100	65	35	70	40	53.33
0	F	19	66	33	22	25	65	20	70	45	51.67
1	M	19	22	55	44	66	66.67	50	83.33	33.33	53.33
1	F	19	33	33	44	44	100	100	100	66.67	86.67
1	M	19	44	44	66	77	91.67	75	100	83.33	53.33
1	F	19	44	44	33	66	75	91.67	100	25	60
1	F	19	22	44	66	44	83.33	100	75	100	53.33
1	F	19	88	77	66	77	91.67	100	100	3.33	53.33
1	M	19	33	33	33	44	75	75	91.67	33.33	60
1	F	19	77	77	44	44	100	100	100	91.67	86.67
1	M	19	22	44	33	22	50	83.33	91.67	33.33	66.67
1	M	19	55	66	44	55	50	91.67	83.33	3.33	73.33
1	M	19	55	44	33	44	75	91.67	83.33	91.67	66.67
1	M	19	66	33	44	100	83.33	100	100	66.67	60
1	F	19	55	55	44	77	91.67	100	100	91.67	73.33
1	F	19	77	33	44	66	58.33	100	100	3.33	66.67
1	F	19	55	77	44	66	66.67	58.33	91.67	3.33	73.33
1	M	19	44	44	55	55	66.67	75	100	25	60
1	M	19	33	66	44	55	83.33	100	100	100	66.67
1	M	19	66	44	44	88	91.67	91.67	91.67	58.33	40
1	F	19	66	66	77	77	83.33	25	91.67	8.33	46.67
1	F	19	22	66	55	44	83.33	83.33	100	58.33	80
1	M	19	44	44	33	66	83.33	66.67	66.67	16.67	66.67
1	M	19	77	44	55	66	91.67	100	100	83.33	66.67
1	M	19	77	77	55	77	100	100	100	58.33	66.67
1	F	19	22	22	55	33	91.67	100	100	66.67	80
1	F	19	22	33	44	66	83.33	3.33	100	83.33	80
1	F	19	44	44	33	22	91.67	83.33	100	58.33	73.33
1	F	19	11	22	33	44	83.33	83.33	83.33	16.67	60
1	M	19	11	22	44	22	58.33	66.67	91.67	16.67	53.33
1	F	19	55	55	33	77	100	75	100	50	60
1	M	19	22	33	55	44	66.67	100	83.33	58.33	66.67
1	F	19	55	44	33	33	100	100	100	100	86.67
1	M	19	66	44	55	88	100	91.67	91.67	66.67	60
1	F	19	11	55	44	66	100	100	100	100	80
1	F	19	33	33	33	55	75	91.67	100	58.33	80
1	F	19	22	55	22	66	50	33.33	100	91.67	73.33
1	M	19	55	44	33	44	91.67	100	91.67	100	73.33
1	M	19	66	44	44	44	83.33	91.67	100	33.33	80
1	M	19	66	66	33	33	75	100	91.67	91.67	93.33
1	M	19	44	55	44	66	91.67	100	91.67		66.67
1	M	19	44	44	55	55	50	83.33	100	75	53.33
1	M	19	66	66	55	88	58.33	100	100	66.67	66.67
1	F	19	0	33	22	55	75	83.33	100	66.67	60
1	M	19	66	55	55	33	100	100	100	50	86.67
1	F	19	22	33	55	77	83.33	83.33	100	33.33	80
1	F	19	66	55	66	66	75	83.33	91.67	66.67	60
1	F	19	66	66	55	77	91.67	83.33	83.33	66.67	60
1	M	19	44	44	44	55	91.67	100	100		60
1	F	19	22	33	33	66	50	58.33	100	8.33	66.67
1	M	19	77	66	44	44	75	91.67	83.33	33.33	80
1	M	19	55	44	44	55	75	100	83.33	91.67	73.33
1	M	19	11	55	44	44	83.33	100	100	91.67	66.67
1	F	19	44	44	44	66	83.33	16.67	100	50	60
1	M	19	66	66	66	88	58.33	66.67	83.33	3.33	60
1	F	19	77	66	55	66	100	100	100	91.67	40
1	M	19	22	55	66	44	33.33	50	83.33		60
1	F	19	44	55	33	22	100	100	100	66.67	53.33
1	F	19	44	55	55	55	100	100	100	100	86.67
1	F	19	33	66	44	66	58.33	50	66.67	16.67	33.33
1	M	19	33	77	55	33	50	83.33	100	41.67	73.33
1	M	19	22	44	33	44	83.33	91.67	91.67	16.67	73.33
1	F	19	44	77	44	55	83.33	75	83.33	66.67	60
1	M	19	33	55	55	55	75	41.67	83.33	66.67	53.33
1	M	19	55	55	44	77	83.33	100	91.67	16.67	80
1	M	19	44	88	55	88	91.67	100	100	58.33	80
1	F	19	44	66	55	44	83.33	83.33	100	83.33	73.33
1	M	19	55	55	44	55	75	100	83.33	83.33	60
1	M	19	55	33	33	66	58.33	83.33	83.33	3.33	60
1	M	19	44	55	33	44	83.33	16.67	100	100	80
1	F	19	55	66	22	33	75	91.67	83.33	16.67	53.33
1	M	19	44	77	33	55	33.33	50	47.5		60
1	F	19	11	33	33	44	50	75	62.5		
1	F	19	44	44	22	44	58.33	16.67	45		
1	F	19	66	77	44	66	58.33	75	67		46.67
1	F	19	44	33	33	44	91.67	66.67	75		80
1	F	19	44	66	22	33	100	91.67	90		53.33
2	F	19	55	66	55	55	100	100	100	83.33	53.33
2	M	19	44	44	33	55	100	100	100	91.67	60
2	F	19	33	44	44	44	50	96.67	83.33	91.67	53.33
2	F	19	88	77	77	55	93.33	100	100	100	66.67
2	F	19	55	66	33	88	33.33	100	66.67	50	60
2	F	19	55	77	33	44	100	100	100	66.67	80
2	M	19	33	33	55	66	50	100	100	100	60
2	F	19	44	22	55	33	26.67	58.33	83.33	83.33	33.33
2	F	19	33	44	33	55	66.67	100	93.33	50	73.33
2	F	19	77	77	55	77	83.33	96.67	66.67	66.67	66.67
2	M	19	33	55	44	55	100	100	100	50	73.33
2	M	19	44	55	66	44	66.67	100	93.33	100	73.33
2	M	19	44	55	22	22	93.33	100	100	93.33	66.67
2	M	19	33	11	55	44	93.33	66.67	93.33	25	53.33
2	F	19	55	33	44	11	58.33	26.67	93.33	91.67	53.33
2	F	19	77	66	33	66	100	100	93.33	100	86.67
2	F	19	66	55	77	44	100	100	100	100	80
2	F	19	33	66	55	66	100	100	83.33	66.67	51.67
2	F	19	22	55	33	55	50	33.33	66.67	25	40
2	F	19	44	55	33	77	100	100	100	83.33	80
2	F	19	44	55	44	55	83.33	83.33	93.33	93.33	73.33
2	M	19	66	66	77	100	91.67	100	100	93.33	80
2	F	19	55	66	22	44	83.33	66.67	66.67	83.33	53.33
2	F	19	55	66	33	33	50	33.33	100	58.33	40
2	F	19	33	33	33	44	93.33	100	83.33	58.33	53.33
2	M	19	55	88	44	88	58.33	58.33	93.33	58.33	80
2	F	19	55	22	44	77	66.67	66.67	93.33	50	40
2	M	19	33	44	55	55	73.33	66.67	83.33	100	66.67
2	F	19	55	66	55	77	91.67	100	100	100	46.67
2	M	19	44	77	44	88	100	40	93.33	83.33	73.33
2	F	19	44	55	44	55	41.67	41.67	83.33	25	66.67
2	F	19	11	33	44	44	58.33	58.33	83.33	25	38.33
2	M	19	55	55	55	77	66.67	33.33	100	50	53.33
2	F	19	33	55	44	44	66.67	66.67	91.67	96.67	53.33
2	M	19	44	55	44	55	33.33	40	83.33	33.33	60
2	F	19	44	77	33	55	41.67	58.33	66.67	93.33	46.67
2	F	19	44	22	11	22	50	100	93.33	58.33	48.33
2	F	19	77	66	33	77	100	100	100	100	73.33
2	F	19	22	66	22	33	100	83.33	100	91.67	86.67
2	F	19	55	44	44	66	58.33	93.33	93.33	83.33	53.33
2	M	19	33	66	55	55	93.33	66.67	83.33	50	41.67
2	F	19	44	44	44	33	33.33	41.67	91.67	83.33	66.67
2	M	19	33	44	66	33	50	83.33	93.33	66.67	60
2	M	19	44	66	55	77	100	96.67	93.33	91.67	
2	F	19	77	55	44	66	50	91.67	83.33	66.67	43.33
2	F	19	33	44	55	77	50	33.33	93.33	91.67	53.33
2	F	19	44	33	44	44	50	90	100	83.33	75
2	M	19	11	22	44	44	66.67	58.33	93.33	33.33	33.33
2	F	19	22	22	22	44	75	33.33	83.33	66.67	51.67
2	M	19	55	22	44	55	83.33	93.33	83.33	83.33	60
2	F	19	33	66	33	66	83.33	83.33	83.33	93.33	60
2	M	19	33	44	22	66	100	100	100	100	78.33
2	F	19	22	55	44	55	83.33	93.33	93.33	50	65
2	M	19	44	44	44	55	93.33	50	91.67	66.67	38.33
2	M	19	88	77	77	66	100	93.33	100	100	73.33
2	F	19	66	44	55	88	91.67	100	100	83.33	60
2	M	19	77	77	66	66	83.33	96.67	93.33	50	33.33
2	F	19	55	66	44	33	93.33	100	96.67	83.33	65
2	F	19	33	55	44	33	41.67	83.33	93.33	50	60
2	M	19	55	77	33	44	100	100	100	93.33	86.67
2	F	19	44	22	55	55	100	91.67	100	83.33	66.67
2	F	19	11	44	55	55	40	91.67	100	50	38.33
2	M	19	22	66	44	66	100	58.33	93.33	83.33	60
2	M	19	33	55	44	44	40	83.33	75	83.33	53.33
2	F	19	55	55	33	66	50	58.33	83.33	46.67	46.67
2	F	19	66	55	66	77	66.67	100	100	100	
2	F	19	55	44	33	55	50	93.33	93.33	91.67	46.67
2	F	19	44	66	44	55	26.67	41.67	50	16.67	53.33
2	M	19	44	66	66	66	93.33	83.33	100	75	80
2	M	19	66	88	55	55	73.33	93.33	83.33	66.67	60
2	F	19	22	33	44	33	100	100	100	83.33	46.67
2	M	19	3	88	44	33	100	100	100		61.67
2	M	19	44	44	44	33	41.67	83.33	83.33	66.67	53.33
2	M	19	22	77	44	44	100	96.67	100	66.67	60
2	F	19	22	55	55	44	100	100	100	91.67	53.33
2	F	19	44	55	44	66	100	100	100	91.67	66.67
2	M	19	55	44	33	44	100	33.33	93.33	58.33	
3	F	19	33	66	44	22	100	100	88.33	83.33	60
3	F	19	33	33	55	66	83.33	96.67	100	83.33	53.33
3	M	19	44	55	44	66	40	53.33	88.33	41.67	53.33
3	M	19	33	33	66	33	83.33	93.33	71.67	91.67	53.33
3	M	19	22	33	44	44	66.67	83.33	91.67	58.33	80
3	M	19	22	66	44	55	83.33	73.33	100	58.33	46.67
3	M	19	55	55	44	77	75	86.67	91.67	66.67	58.33
3	F	19	55	66	44	33	91.67	76.67	80	33.33	66.67
3	M	19	22	44	44	33	83.33	93.33	83.33	41.67	73.33
3	F	19	66	44	44	33	66.67	90	96.67	58.33	50
3	M	19	11	33	33	88	83.33	76.67	71.67	50	80
3	F	19	44	33	33	44	58.33	83.33	88.33	53.33	76.67
3	M	19	44	55	55	55	83.33	90	91.67	33.33	40
3	F	19	33	44	55	44	91.67	100	96.67	66.67	71.67
3	M	19	88	88	33	55	91.67	90	96.67	91.67	65
3	F	19	33	22	44	33	100	90	88.33		53.33
3	F	19	44	22	33	22	91.67	86.67	71.67	66.67	50
3	F	19	0	33	33	66	91.67	100	62.67	66.67	71.67
3	M	19	55	44	44	33	100	93.33	63.33	91.67	53.33
3	F	19	55	77	55	33	58.33	96.67	91.67	66.67	66.67
3	M	19	55	55	44	44	91.67	90	88.33	16.67	66.67
3	M	19	22	66	66	55	58.33	76.67	71.67	83.33	53.33
3	M	19	22	66	22	55	91.67	43.33	96.67	83.33	66.67
3	M	19	66	66	33	55	91.67	100	75	58.33	73.33
3	M	19	66	55	33	55	91.67	100	88.33	100	46.67
3	M	19	33	44	22	33	66.67	86.67	80	33.33	73.33
3	F	19	55	44	44	44	66.67	90	88.33	33.33	73.33
3	M	19	44	66	55	88	100	100	96.67	100	73.33
3	F	19	33	11	22	11	75	100	91.67	91.67	38.33
3	F	19	66	55	77	55	83.33	66.67	88.33	66.67	60
3	M	19	88	55	55	88	100	96.67	96.67	91.67	73.33
3	F	19	22	33	33	44	83.33	50	91.67	50	43.33
3	F	19	11	55	55	55	50	66.67	88.33	1.67	30
3	F	19	33	66	44	66	66.67	86.67	96.67	66.67	53.33
3	M	19	66	77	66	66	91.67	100	85		58.33
3	M	19	11	33	66	55	66.67	90	93.33	8.33	53.33
3	F	19	77	77	55	77	91.67	86.67	96.67	33.33	53.33
3	M	19	44	55	44	55	58.33	90	71.67	66.67	43.33
3	F	19	44	33	44	55	50	76.67	55	16.67	13.33
3	F	19	77	44	55	66	100	100	75	96.67	80
3	M	19	22	44	44	33	75	100	88.33	91.67	73.33
3	M	19	55	66	66	66	100	96.67	96.67	41.67	50
3	M	19	55	66	44	55	100	90	88.33	100	73.33
3	M	19	11	44	22	33	83.33	66.67	88.33	91.67	40
3	M	19	11	44	11	55	66.67	86.67	91.67	83.33	33.33
3	F	19	33	55	22	55	100	100	96.67	83.33	73.33
3	F	19	44	44	33	33	75	83.33	75	100	93.33
3	F	19	44	33	44	44	66.67	43.33	78.33	33.33	53.33
3	M	19	44	66	66	44	100	100	90		
3	M	19	44	66	33	77	83.33	76.67	83.33	75	45
3	F	19	33	22	22	44	100	83.33	88.33	75	73.33
3	F	19	11	22	33	22	50	26.67	50		26.67
3	F	19	88	55	55	44	100	100	75	83.33	66.67
3	F	19	33	44	33	66	55	45	63.33	16.67	55
3	F	19	44	66	44	66	75	43.33	91.67	66.67	66.67
3	F	19	22	33	22	66	83.33	40	83.33	25	45
3	F	19	44	66	66	55	66.67	86.67	75	25	73.33
3	F	19	11	55	44	44	91.67	96.67	75	91.67	73.33
3	F	19	44	44	44	66	66.67	100	96.67	83.33	46.67
3	F	19	66	66	66	88	100	90	91.67	83.33	86.67
3	F	19	77	66	55	66	100	83.33	96.67	91.67	73.33
3	F	19	22	55	66	44	91.67	96.67	91.67	75	80
3	F	19	66	55	44	33	100	86.67	100	41.67	53.33
3	M	19	66	55	66	77	100	100	96.67	66.67	73.33
3	F	19	55	66	55	88	100	100	91.67	91.67	93.33
3	M	19	44	77	66	55	100	100	96.67	100	73.33
3	F	19	33	44	33	55	100	96.67	88.33	83.33	60
3	F	19	44	77	55	55	100	100	96.67	100	73.33
3	F	19	44	55	55	66	100	100	66.67	93.33	46.67
3	F	19	77	55	55	88	91.67	96.67	96.67	58.33	53.33
3	F	19	66	88	55	100	100	100	96.67	93.33	80
3	M	19	66	66	66	55	100	98.33	83.33	41.67	86.67
3	F	19	77	55	44	66	100	100	88.33	100	53.33
3	M	19	55	33	44	66	100	83.33	88.33	66.67	60
3	F	19	55	55	33	55	100	83.33	100	91.67	73.33
4	F	19	33	44	33	66	61.67	100	90	91.67	83.33
4	F	19	55	44	22	77	81.67	100	100	48.33	56.67
4	F	19	55	55	44	33	35	33	70	31.67	76.67
4	M	19	44	77	44	77	95	93	100	68.33	90
4	F	19	44	44	55	55	100	83	100	88.33	65
4	F	19	77	88	55	88	85	73	80	91.67	58.33
4	M	19	22	11	33	66	58.33	63	50	75	50
4	F	19	22	55	33	55	61.67	63	90	91.67	76.67
4	M	19	55	66	77	88	100	100	100	100	100
4	M	19	44	55	55	66	88.33	63	90	28.33	73.33
4	F	19	33	44	55	55	91.67	73	90	81.67	66.67
4	F	19	44	66	11	66	75	100	100	71.67	60
4	F	19	33	22	33	44	88.33	73	90	88.33	35
4	F	19	44	66	44	44	71.67	83	100	51.67	58.33
4	F	19	33	55	33	77	65	56.33	80		55
4	M	19	44	33	22	44	95	100	100	55	56.67
4	F	19	33	55	44	33	71.67	56.33	50	31.67	68.33
4	M	19	66	66	44	33	100	63	80	31.67	76.67
4	F	19	33	66	44	66	81.67	73	70	91.67	76.67
4	M	19	33	44	44	66	91.67	100	100	88.33	80
4	F	19	33	55	44	33	100	83	100	100	90
4	F	19	77	77	33	33	100	83	100	100	80
4	M	19	55	66	55	22	88.33	56.33	100	85	55
4	F	19	44	55	55	55	61.67	63	70	78.33	68.33
4	F	19	22	33	44	44	41.67	56.33	60	41.67	45
4	M	19	55	55	55	33	85	56.33	70		56.67
4	M	19	22	44	44	55	78.33	73	80	55	56.67
4	M	19	22	55	33	66	81.67	63	100	48.33	63.33
4	F	19	44	55	44	55	98.33	93	100	45	90
4	M	19	44	22	44	55	68.33	73	60	75	70
4	F	19	77	66	55	44	51.67	73	100	65	80
4	F	19	66	44	44	44	98.33	100	100	91.67	73.33
4	F	19	44	100	55	66	75	93	90	45	96.67
4	M	19	44	77	44	44	91.67	73	100	75	90
4	F	19	22	22	33	11	75	63	80	78.33	66.67
4	F	19	33	33	44	55	65	63	90	100	43.33
4	M	19	11	44	55	44	85	63	100	81.67	80
4	M	19	55	33	33	33	65	93	100	68.33	76.67
4	M	19	66	77	44	55	95	93	100	75	90
4	F	19	66	55	33	55	85	83	90	61.67	73.33
4	F	19	55	55	22	44	75	83	60	38.33	80
4	F	19	22	33	33	44	81.67	56.33	100	61.67	75
4	M	19	55	44	33	33	100	83	100	45	53.33
4	F	19	55	55	55	77	95	93	100	58.33	68.33
4	M	19	33	66	33	33	100	100	100	100	83.33
4	M	19	66	55	55	66	85	63	100	78.33	66.67
4	F	19	22	44	44	66	100	93	100	55	90
4	M	19	66	77	66	55	100	100	100	81.67	75
4	M	19	33	55	33	66	75	39.67	80	65	75
4	M	19	55	55	44	44	100	63	100	81.67	66.67
4	F	19	44	22	44	33	65	33	20	65	73.33
4	M	19	33	66	44	44	100	83	100	61.67	68.33
4	F	19	66	33	44	22	85	83	100	58.33	70
4	F	19	44	55	44	44	98.33	100	100	85	80
4	M	19	55	66	55	88	95	63	100	91.67	53.33
4	F	19	33	11	66	33	78.33	93	100	91.67	90
4	F	19	44	44	44	55	81.67	33	80	38.33	60
4	F	19	44	55	55	55	78.33	73	90	51.67	75
4	F	19	66	55	66	66	78.33	93	60	31.67	45
4	M	19	44	66	44	88	88.33	100	100	98.33	96.67
4	M	19	44	55	44	44	100	93	80	91.67	83.33
4	F	19	33	66	55	44	68.33	100	80	51.67	70
4	F	19	55	22	55	66	95	93	100	81.67	88.33
4	F	19	33	22	33	55	100	93	100	45	90
4	M	19	55	11	44	77	81.67	100	70	91.67	70
4	F	19	44	66	44	22	91.67	100	100	61.67	83.33
4	F	19	66	55	44	22	100	100	100	85	63.33
4	M	19	33	55	22	33	58.33	100	100	95	36.67
4	M	19	55	33	44	55	75	63	100	85	63.33
4	F	19	33	55	55	66	98.33	100	100	78.33	63.33
4	M	19	66	55	44	44	100	73	100	48.33	90
4	M	19	66	77	66	33	100	93	90	78.33	96.67
4	F	19	55	55	66	33	78.33	83	100	61.67	96.67
4	M	19	44	33	44	66	100	100	100	100	90
4	M	19	22	77	33	33	88.33	100	100	78.33	43.33
4	F	19	44	33	55	55	100	100	100	95	90
